version https://git-lfs.github.com/spec/v1
oid sha256:772c2f834ca9e4806c731faf5e7f310b0b7fa3267b57da87a17ef49db316fae1
size 125
